0.443742 0.209732
0.910092 0.692484
0.515854 0.423939
0.762216 0.817204
0.512691 0.000677
0.589686 0.370700
0.753610 0.914183
0.740564 0.536562
0.142353 0.489267
0.530467 0.838906
0.378394 0.821296
0.189056 0.706242
0.342060 0.308347
0.735060 0.625549
0.391735 0.896385
0.073359 0.030874
0.179632 0.295569
0.116367 0.993639
0.992018 0.864220
0.272057 0.985906
0.550444 0.076778
0.212216 0.473240
0.672451 0.492979
0.437082 0.860384
0.183384 0.927774
0.786295 0.360823
0.995357 0.084946
0.711135 0.690418
0.325086 0.262116
0.819294 0.095633
0.609203 0.860832
0.931013 0.118490
0.793855 0.342614
0.644135 0.673227
0.324774 0.960358
0.195738 0.463756
0.344692 0.064176
0.229232 0.506335
0.316892 0.031776
0.928405 0.538512
0.536813 0.905662
0.863649 0.393209
0.768098 0.632967
0.810644 0.995959
0.545085 0.398395
0.748094 0.503608
0.520689 0.916785
0.218608 0.244451
0.606774 0.708995
0.245636 0.542579
0.553527 0.323294
0.039402 0.213346
0.045015 0.184190
0.796059 0.502189
0.350019 0.251563
0.996839 0.505660
0.060402 0.955253
0.747755 0.661369
0.473680 0.933664
0.865446 0.722636
0.732128 0.949731
0.611066 0.744014
0.917684 0.983540
0.201621 0.995421
0.920047 0.908115
0.486986 0.395512
0.044806 0.343395
0.470847 0.008978
0.009093 0.253110
0.675112 0.387845
0.184160 0.600265
0.699869 0.053420
0.687451 0.909168
0.714769 0.213423
0.201152 0.895410
0.032737 0.887886
0.199879 0.419921
0.363208 0.977811
0.607035 0.899218
0.819634 0.452146
0.767605 0.961195
0.264780 0.751493
0.024487 0.574238
0.117377 0.711078
0.116190 0.097244
0.314995 0.790848
0.075612 0.699023
0.730511 0.167173
0.302767 0.377862
0.973376 0.288478
0.008775 0.375435
0.171893 0.826227
0.284066 0.124040
0.029009 0.563048
0.630668 0.992060
0.171688 0.651371
0.916629 0.999811
0.572693 0.848806
0.360020 0.366401
0.613656 0.790610
0.330623 0.217948
0.179607 0.094915
0.469363 0.038494
0.027667 0.113005
0.868648 0.477166
0.556393 0.434784
0.831247 0.938612
0.017327 0.838673
0.030965 0.978488
0.156552 0.235524
0.735316 0.901707
0.251632 0.297752
0.118528 0.118434
0.518081 0.887712
0.592658 0.751252
0.899556 0.103491
0.515243 0.706674
0.327243 0.745593
0.593824 0.925132
0.636474 0.274619
0.800857 0.805825
0.462367 0.877904
0.636931 0.866252
0.601335 0.092148
0.135873 0.541027
0.521615 0.539452
0.092248 0.650498
0.933478 0.725770
0.609910 0.476967
0.588587 0.523616
0.219681 0.574738
0.768012 0.915006
0.494910 0.410002
0.239690 0.805926
0.305551 0.677481
0.818657 0.240253
0.594595 0.673036
0.047182 0.138877
0.835080 0.414885
0.926954 0.768899
0.131582 0.300816
0.081776 0.508123
0.266992 0.964755
0.206751 0.111646
0.863566 0.653287
0.168734 0.610230
0.226625 0.881175
0.662873 0.174218
0.369971 0.344682
0.901337 0.762120
0.183976 0.072460
0.412877 0.139591
0.700483 0.575990
0.665655 0.902378
0.933068 0.325059
0.890806 0.465911
0.826861 0.218456
0.180508 0.594570
0.439062 0.846069
0.661839 0.935254
0.589440 0.245781
0.306535 0.192736
0.869505 0.547034
0.726751 0.038386
0.079734 0.362676
0.128271 0.579203
0.876129 0.041660
0.445089 0.230676
0.650536 0.927408
0.563143 0.134888
0.443611 0.580119
0.455958 0.844321
0.994929 0.516025
0.001286 0.852235
0.871689 0.392597
0.225348 0.692038
0.985612 0.725890
0.730089 0.750952
0.707045 0.164735
0.098877 0.647379
0.215948 0.066189
0.147378 0.006693
0.691369 0.617623
0.988885 0.736829
0.434139 0.033081
0.017139 0.452854
0.041997 0.415003
0.074765 0.528832
0.311932 0.717121
0.271685 0.365630
0.631539 0.870344
0.145448 0.854921
0.239268 0.540640
0.114186 0.692497
0.882903 0.176432
0.462946 0.148087
0.086277 0.972717
0.425451 0.134262
0.446106 0.130138
0.275854 0.933556
0.124025 0.319409
0.728879 0.740853
0.973309 0.575028
0.361728 0.257126
0.545420 0.936895
0.217486 0.931000
0.558450 0.034455
0.227233 0.086225
0.277680 0.465191
0.596907 0.095949
0.657897 0.257801
0.844976 0.968839
0.027775 0.930081
0.748281 0.197396
0.558532 0.652529
0.055930 0.485469
0.752251 0.810942
0.464939 0.019761
0.709659 0.824681
0.016343 0.279279
0.992825 0.422097
0.766773 0.986990
0.485149 0.700502
0.318063 0.699578
0.769183 0.205366
0.546224 0.704018
0.192234 0.951836
0.661155 0.343812
0.970369 0.781465
0.549771 0.633065
0.393345 0.697943
0.207740 0.033197
0.436173 0.857915
0.948840 0.564910
0.857404 0.706406
0.995953 0.007176
0.169933 0.341108
0.004037 0.795309
0.706985 0.565779
0.042924 0.371836
0.374151 0.250198
0.576606 0.166702
0.577734 0.552630
0.015693 0.087450
0.250327 0.280460
0.491026 0.385382
0.856475 0.165637
0.598963 0.030297
0.754425 0.113792
0.002647 0.274256
0.314383 0.549393
0.938599 0.913924
0.749367 0.823986
0.874276 0.871391
0.701652 0.280582
0.789773 0.104991
0.245972 0.974465
0.815616 0.534457
0.120058 0.239168
0.248674 0.618877
0.673743 0.256100
0.289463 0.461268
0.239813 0.537271
0.196675 0.830175
0.372895 0.762800
0.938572 0.286544
0.677135 0.728370
0.835871 0.683264
0.749058 0.252500
0.137100 0.665061
0.098918 0.769505
0.944894 0.438087
0.782028 0.991230
0.420515 0.001356
0.870932 0.459117
0.733910 0.236307
0.830006 0.027900
0.797907 0.736121
0.315936 0.323195
0.427704 0.022993
0.920702 0.997473
0.200575 0.849469
0.898133 0.172390
0.955762 0.608991
0.970724 0.800172
0.570826 0.491202
0.900351 0.802728
0.378246 0.909135
0.624667 0.754381
0.344863 0.898257
0.410378 0.562611
0.926786 0.641465
0.655283 0.070897
0.333697 0.009471
0.682832 0.758740
0.788981 0.022589
0.116168 0.746188
0.255967 0.437842
0.193003 0.123618
0.015518 0.244360
0.688348 0.222314
0.426587 0.710413
0.949044 0.817302
0.178819 0.767026
0.912182 0.411168
0.355119 0.935965
0.878937 0.686047
0.662121 0.713996
0.245990 0.930688
0.257783 0.310653
0.358630 0.750503
0.707891 0.903386
0.142803 0.650703
0.737008 0.121754
0.197757 0.146125
0.604489 0.301508
0.586651 0.896069
0.132430 0.159678
0.649342 0.988444
0.639982 0.933446
0.779790 0.904745
0.297248 0.698400
0.259898 0.885865
0.702010 0.535878
0.922273 0.388470
0.803834 0.454466
0.626326 0.072639
0.652624 0.487309
0.275273 0.293699
0.832513 0.184740
0.376017 0.384671
0.856982 0.800863
0.949572 0.110447
0.247416 0.833027
0.936570 0.550821
0.494835 0.214788
0.110605 0.326704
0.613315 0.385752
0.911521 0.522345
0.533684 0.665841
0.541481 0.876080
0.157330 0.846839
0.128505 0.813151
0.492528 0.680699
0.755382 0.676320
0.929450 0.991943
0.676241 0.073502
0.375110 0.470558
0.098741 0.606368
0.665726 0.812202
0.496759 0.369841
0.401561 0.764068
0.536614 0.519622
0.108091 0.807655
0.349269 0.893392
0.417353 0.663778
0.061647 0.141029
0.784675 0.540491
0.212074 0.070176
0.108460 0.061227
0.918048 0.945705
0.504543 0.108276
0.438949 0.295129
0.401647 0.395848
0.081959 0.366700
0.070756 0.447320
0.236372 0.762945
0.678780 0.792839
0.689657 0.929591
0.965654 0.626347
0.278028 0.118325
0.684066 0.865160
0.354960 0.161549
0.012288 0.540604
0.522985 0.898277
0.253138 0.714806
0.567276 0.372537
0.265876 0.666589
0.553953 0.989127
0.242878 0.918523
0.611674 0.656294
0.639226 0.787538
0.002031 0.570889
0.290895 0.533104
0.702401 0.708763
0.015992 0.849831
0.874339 0.271668
0.283557 0.405447
0.271243 0.311624
0.855711 0.360477
0.850960 0.504730
0.661492 0.322508
0.602140 0.578574
0.544490 0.985835
0.867580 0.210917
0.941449 0.786321
0.253455 0.312029
0.995276 0.261717
0.550242 0.479041
0.083448 0.449233
0.959319 0.067890
0.251601 0.575044
0.318623 0.766938
0.582098 0.494509
0.951432 0.776035
0.098709 0.827196
0.224223 0.695814
0.411014 0.497476
0.892753 0.014192
0.935986 0.439226
0.839899 0.640558
0.199222 0.552343
0.864471 0.282848
0.414572 0.609085
0.767126 0.588664
0.268473 0.699870
0.097662 0.878858
0.594088 0.981020
0.577405 0.990434
0.410352 0.941031
0.391047 0.215397
0.622372 0.137297
0.254220 0.573101
0.532113 0.371838
0.406251 0.685922
0.192129 0.572405
0.451949 0.341537
0.550123 0.224466
0.281966 0.419796
0.278401 0.059900
0.138139 0.238209
0.159841 0.849856
0.258441 0.527228
0.910775 0.572052
0.435545 0.185027
0.361223 0.926936
0.253677 0.681197
0.984215 0.162430
0.730352 0.479741
0.868464 0.433623
0.582763 0.133993
0.362447 0.471607
0.362967 0.769554
0.782996 0.164757
0.261738 0.516062
0.777782 0.766119
0.467804 0.074602
0.158619 0.832137
0.587399 0.014779
0.281297 0.670857
0.778461 0.583947
0.337706 0.031793
0.934447 0.780834
0.247280 0.005022
0.464696 0.196757
0.187361 0.613674
0.961391 0.659867
0.185834 0.381822
0.317610 0.031318
0.614452 0.238892
0.666614 0.597016
0.867557 0.482056
0.849436 0.374533
0.988415 0.159680
0.985993 0.312040
0.514207 0.161740
0.124357 0.794573
0.350743 0.507231
0.873502 0.092659
0.059239 0.803941
0.386735 0.389331
0.540067 0.622562
0.056188 0.803776
0.732149 0.574963
0.803184 0.393328
0.611725 0.215561
0.904923 0.460249
0.470502 0.495050
0.884868 0.615746
0.180734 0.387388
0.112362 0.960837
0.913573 0.483760
0.406448 0.432225
0.567071 0.801359
0.119481 0.831012
0.981495 0.790163
0.888083 0.303090
0.872167 0.537498
0.482129 0.072271
0.293823 0.468025
0.956872 0.040666
0.365519 0.415890
0.618981 0.465611
0.931422 0.806128
0.154176 0.298327
0.810329 0.824011
0.632314 0.926823
0.295585 0.873891
0.005192 0.003946
0.607075 0.333173
0.142992 0.761262
0.068281 0.592432
0.417212 0.710403
0.883918 0.639251
0.331093 0.915748
0.527453 0.991251
0.722960 0.085790
0.912862 0.612851
0.623560 0.575251
0.721256 0.560669
0.935410 0.015995
0.480552 0.494065
0.720293 0.702027
0.255152 0.860187
0.030507 0.042301
0.092638 0.516974
0.900089 0.364850
0.695767 0.792927
0.324179 0.106661
0.140604 0.499060
0.797838 0.955997
0.845412 0.206299
0.260059 0.827314
0.409957 0.180678
0.094367 0.643655
0.391177 0.729067
0.174316 0.777390
0.558703 0.349740
0.810363 0.657384
0.682506 0.004949
0.854007 0.489156
0.444996 0.036781
0.145753 0.254318
0.641155 0.732924
0.955353 0.156572
